-106.463307153	38.6322480437	2.00003690584	271.661932106
-106.474101354	38.6199576221	3.99137876225	221.29158405
-106.492985223	38.6152259174	6.00379532423	255.933098397
-106.511502072	38.6105223839	7.9958242518	255.747520732
-106.52483672	38.5980102449	10.0101348921	226.822679011
-106.534684915	38.5843719637	11.9873308407	215.833028741
-106.550925297	38.5741678482	14.0088142365	237.858136519
-106.569509085	38.5700175749	15.9823831376	257.410851807
-106.590197086	38.570234448	17.9891554778	270.600611832
-106.610722645	38.5693241392	19.995600342	267.460595523
-106.629544026	38.5642907321	21.9879774187	255.027743715
-106.640866032	38.5507994235	23.9787897637	220.003623238
-106.652993798	38.5378060162	25.9892563055	223.026446625
-106.667141951	38.5260585071	28.0022926787	230.296437346
-106.682991	38.5184283595	29.9895040112	244.292617091
-106.698632054	38.5093916834	31.9847086064	239.982668845
-106.718893205	38.5067780506	34.0093029397	262.649593506
-106.739528657	38.5092487918	35.9775868143	276.827682891
-106.757671704	38.51733878	37.9856051324	294.032101625
-106.776580923	38.523083642	40.0043065381	286.899450769
-106.795079885	38.5260169238	41.9852469637	279.010073399
-106.815921728	38.5273195777	44.0180900873	273.576440384
-106.83487032	38.5307767007	45.9796818257	280.339745343
-106.851250204	38.5392938059	47.9887576648	297.47323531
-106.871545557	38.5443342916	49.9912282519	283.947590405
-106.892591227	38.5444685611	51.9784917888	270.36553701
-106.913332585	38.5400737441	53.9963268962	258.036728551
-106.926669781	38.5280802375	56.0141327792	228.036459093
-106.943500454	38.5197583169	58.00638138	243.689921907
-106.962942903	38.5240059781	60.0090753497	282.32397129
-106.984948681	38.5231849948	62.001833778	267.863421483
-107.004613774	38.5165933241	64.0065803517	251.469027583
-107.018617404	38.5042441577	66.0078230444	228.592390379
-107.032379172	38.4927683628	67.9947152026	230.175625274
-107.052107655	38.4915692983	70.001546354	266.521935933
-107.07461844	38.4892632018	71.9934293438	264.150792099
-107.097127817	38.4869530113	73.98531126	264.140116249
-107.111582668	38.4728432367	75.9965832766	225.692130885
-107.133103161	38.4689075518	78.0012700111	259.636229505
-107.153701175	38.4661899094	79.9876956774	262.483971432
-107.17211527	38.4685053257	82.0126837924	277.166844876
-107.192883362	38.4717426732	84.0013836482	278.860010422
-107.21551233	38.4702531518	86.0063838603	266.234015091
-107.237350451	38.47082405	88.0062501303	271.497501039
-107.258868384	38.4717050447	89.9871410796	272.344514308
-107.279684311	38.4752085312	91.9887947264	279.553796145
-107.302589703	38.4731083747	93.9998138669	264.76129465
-107.320776066	38.4643210879	96.0109322925	244.211095778
-107.338317861	38.4561594486	98.0098244123	245.048939093
-107.358872599	38.4579655139	99.9852432342	275.0214623
-107.379518095	38.4532120243	101.990099503	257.033989995
-107.400058237	38.4572901807	103.985747671	281.229788412
-107.420569912	38.4516878591	106.003192406	254.723490073
-107.44282467	38.4501904819	108.001986364	266.15074312
-107.464890448	38.449845496	109.994934439	269.104286023
-107.486009757	38.4481612451	111.987896442	265.440349599
-107.505707191	38.4491688319	114.011627744	272.928310183
-107.525746723	38.454697158	116.008198186	285.422637818
-107.545239021	38.4614128408	118.011184972	289.010369755
-107.558713646	38.4743860058	119.998912559	313.913780721
-107.572565981	38.485044594	122.002255378	307.576246343
-107.585003363	38.498398005	123.981009384	317.034157788
-107.603377463	38.5049265479	125.986029386	289.56074929
-107.617100582	38.5170173791	127.985300342	311.38184578
-107.632201569	38.5261292258	129.99620858	301.106533996
-107.641664999	38.5369115254	132.0039914	318.727158462
-107.661011085	38.5424867059	133.99935484	286.075992973
-107.670748859	38.554950219	135.986153561	321.999399512
-107.683311332	38.5665759845	137.982806235	312.782286565
-107.692053868	38.5797024412	139.980847163	326.335429823
-107.709176092	38.5897546105	141.981688817	300.416477398
-107.725931854	38.5813265435	144.004990247	243.297825859
-107.746898835	38.5807545341	145.992056355	268.437276345
-107.761935253	38.5915685261	148.011861073	305.7231865
-107.779800789	38.59926251	149.986401555	293.299644345
-107.794617336	38.6109489174	152.013152806	308.264267251
-107.80989527	38.6208807422	153.989116001	303.026945933
-107.827316629	38.6303207338	156.014452136	298.451629622
-107.84296714	38.6402135953	158.022339577	302.297434386
-107.851018494	38.6533988506	159.996387747	328.590377408
-107.844411053	38.667421934	161.996374851	25.2290247408
-107.839211877	38.683303429	163.990010699	18.1270603514
-107.831551577	38.6977112345	165.994810388	27.9985550419
-107.830402485	38.7134887121	167.991288003	4.1655632502
-107.840874171	38.7278677931	170.010326882	323.935707662
-107.831660138	38.7418544805	171.986800762	33.3757588139
-107.827227795	38.7579463222	174.012057051	15.3997065416
-107.824299839	38.7718999075	175.986047573	11.8507456709
-107.829441823	38.787645092	177.977633131	341.914255232
-107.84731954	38.7882118582	180.007945	271.815804489
-107.854437869	38.7772739423	182.004204418	213.055833039
-107.873636043	38.7722973042	183.996883344	255.467408142
-107.889778813	38.7804313684	186.012689325	296.742749211
-107.903321653	38.7771335242	187.978614075	256.314154754
-107.92133733	38.7830892315	190.017511341	288.293095916
-107.937616078	38.7806632343	192.011118053	261.523680804
-107.956997966	38.781353742	193.99323693	272.040381785
-107.974498414	38.7728212656	195.990553678	244.008100023
-107.995252657	38.7773616052	198.012067824	282.340006605
-108.014776807	38.7811635267	199.991240024	281.019259193
-108.033281845	38.7765135921	201.988936442	255.894785836
-108.045563941	38.7633492552	203.99378006	223.014321262
-108.063188681	38.7556456244	205.985583255	246.390251901
-108.083035163	38.7613998159	208.000095876	286.168728278
-108.102313473	38.759227756	209.998669017	263.571674987
-108.117511415	38.7503286397	211.990667686	239.649002041
-108.136374697	38.7479066507	213.996194963	262.683424516
-108.155321422	38.7437635512	216.006979452	257.665231887
-108.171640702	38.7327515662	217.992351831	235.98916271
-108.188573779	38.7387762173	219.994813089	289.585145068
-108.192042886	38.750688735	222.010393608	343.763633897
-108.212137863	38.7489884279	223.984622157	265.163521605
-108.225172788	38.7582442904	226.021091591	305.377866255
-108.244327792	38.7597671551	227.984450712	274.545578911
-108.262084389	38.7639912191	230.001014013	283.381207394
-108.279984411	38.7690537955	231.982641625	285.792237305
-108.288728747	38.7835762699	234.014683892	328.946828501
-108.306155551	38.7923884047	236.014185527	296.824152881
-108.316576059	38.8036073057	237.992765643	317.112987902
-108.318907393	38.8196228755	240.010403437	351.717813183
-108.330352844	38.8258931562	241.992258155	298.715709245
-108.344288307	38.8359048589	243.980466597	305.694730481
-108.363003845	38.8434420638	245.996541962	291.93585186
-108.372143029	38.8382518018	248.008062986	240.407191094
-108.365396225	38.853180336	249.99073475	24.3201209647
-108.379849351	38.8639925785	252.002182226	306.799803871
-108.392925527	38.8666741326	254.010742677	281.589070523
-108.403241905	38.8727671626	256.015395613	300.566828276
-108.418561019	38.882063593	258.010729137	301.251541239
-108.428837456	38.8944311341	260.002845504	320.276130728
-108.438039229	38.9091870609	262.009775463	328.052399301
-108.44441836	38.9247967764	264.015138937	337.771925901
-108.431624354	38.93691635	266.007837272	46.550668168
-108.447026044	38.9487688082	268.005802814	307.580286174
-108.454141445	38.9643046983	269.984638333	335.392332038
-108.447177923	38.9801157153	271.994644732	23.7697552868
-108.455657	38.9883870281	274.002765001	314.289365709
-108.47787889	38.9878613115	275.995393007	268.644772122
-108.492153856	38.9995385093	277.995381038	309.283828927
-108.499033306	39.0071135141	280.015251748	317.754973278
-108.511331455	39.0115750409	282.012726247	289.939776651
-108.528156128	39.0207105723	283.998267529	298.501260594
-108.526263606	39.0291711215	285.981309349	12.608804994
-108.537759563	39.0354225874	288.014540946	298.537210996
-108.554756791	39.0325613738	289.992380586	260.444746475
-108.565781973	39.0468428067	291.998370232	322.332071075
-108.561471478	39.0606822988	293.977895123	17.2998989362
-108.574966918	39.0741429928	296.015293624	314.926146752
-108.592374016	39.0843539175	298.010792202	300.395692526
-108.610203599	39.0905274032	300.019610792	289.098390297
-108.628302934	39.1003786887	301.992170789	298.55900684
-108.646651778	39.1073504362	303.989291364	290.804572047
-108.66117227	39.1201295456	306.0042682	311.350170886
-108.680651546	39.1249852971	308.013967349	283.997293102
-108.699792862	39.1321546547	309.979059641	290.533378955
-108.718718887	39.1401992357	311.988037884	293.028108399
-108.735259542	39.1516238152	313.995039588	304.632718228
-108.748508685	39.1633848593	316.01005638	311.594932126
-108.766518482	39.1703767229	317.995607736	291.217485109
-108.785968813	39.174935919	319.977764423	283.192076055
-108.803412745	39.1765613166	322.009682599	275.323358151
-108.82281865	39.1702792751	323.982148796	252.062297316
-108.843489936	39.1732773265	326.015967921	278.252328026
-108.860847192	39.1786125517	328.017103628	287.086235985
-108.870538346	39.1932994969	330.019224292	326.581248644
-108.891037256	39.1931700849	331.993792361	269.638289894
-108.908054	39.1965377952	334.007118564	281.194505687
-108.907329047	39.213446623	335.993394609	2.45500899436
-108.924170803	39.2074153386	337.996624092	250.296795512
-108.924475579	39.1902644548	340.001045234	181.018054868
-108.94181026	39.1807549128	342.0106646	241.2514981
-108.946838131	39.1671056266	344.006441043	200.221853057
-108.96752776	39.1618069762	345.997794667	255.635191774
-108.98695018	39.1577785841	347.999496097	258.28245691
-109.000573096	39.1463650068	349.991881675	230.042987775
-109.016423348	39.1369986622	351.985711871	239.420005251
-109.029571362	39.1250602251	353.990366909	227.760455028
-109.050265842	39.1240260058	355.98372587	267.138988629
-109.069130084	39.1231811648	358.020794418	267.435704035
-109.077587193	39.1080209721	359.989587794	209.154950075
-109.089420891	39.0950718447	361.986862966	222.422961514
-109.101262775	39.0801226604	364.012207774	218.38424045
-109.115129975	39.0660991234	365.978213965	224.67884117
-109.123469876	39.0503759831	368.009805834	207.942467046
-109.115523775	39.0352358116	370.011025958	152.307911837
-109.134145934	39.0269841067	372.015234896	246.101286098
-109.13093806	39.0133401353	374.00920821	166.769317546
-109.137846684	39.0000501666	376.011568687	207.467101941
-109.156790077	38.9977532126	378.015763871	263.086432526
-109.163042108	38.9890974378	380.003798884	215.840428707
-109.174942853	38.9767006346	381.994149113	223.83041313
-109.190845467	38.9658736678	383.997584277	235.75181596
-109.207966083	38.9720392407	386.013077737	289.805249148
-109.227169627	38.9794073232	388.009747838	290.990982768
-109.235721465	38.9670759005	390.012430011	214.741296737
-109.222480637	38.9556473066	392.004390806	130.798556204
-109.218021287	38.9392839487	393.991896986	164.755910443
-109.235572436	38.9294153354	396.008883654	240.651938703
-109.233758325	38.9153381673	397.990547723	172.656819943
-109.2272363	38.9060461671	400.000171843	144.93510695
-109.246330488	38.8985788866	401.998009197	248.640719904
-109.255089693	38.8833684608	404.01724563	209.93628455
-109.266965547	38.8689642736	405.979657351	219.504637828
-109.272021166	38.8538640964	408.015130063	198.510817785
-109.276608346	38.8382430062	409.998829136	196.365034547
-109.275473904	38.8218095499	411.994059234	176.050996111
-109.295153653	38.8176944092	414.011780665	258.189324586
-109.304550069	38.8081189699	415.988349275	224.459358353
-109.321055244	38.8029139381	417.99737693	252.496936935
-109.332959311	38.8050545044	419.98721716	280.193876466
-109.324945456	38.7896486097	421.993059152	152.517402
-109.31521681	38.7749985209	424.003420833	146.413160544
-109.32430475	38.7617431668	425.997297026	214.434738765
-109.338631918	38.7507750879	427.986128895	232.564350879
-109.355757954	38.7409292466	429.98984551	240.105195064
-109.370286405	38.7290783935	432.004496235	230.795885014
-109.383303896	38.7171038694	433.990407515	227.389681145
-109.3966252	38.7068074253	436.002662235	232.298464309
-109.410567247	38.6958706623	438.003941362	231.887782
-109.429224629	38.6884151709	440.007190559	248.218346292
-109.449890656	38.6898734092	441.982621902	274.0362207
-109.471962385	38.6888905592	444.013887703	267.450313933
-109.488589295	38.6785064947	445.992537466	238.01383584
-109.495300026	38.6626391182	448.00226823	202.924780695
-109.489392575	38.6507231539	449.989374979	153.629654329
-109.470187928	38.6511114158	451.987999616	88.8418043759
-109.482345508	38.6386463667	454.018268188	224.284570055
-109.501862686	38.6319400741	456.009766716	251.036779183
-109.519146208	38.6231913105	457.988146024	243.151876761
-109.537255553	38.6149199794	460.011913921	245.45174346
-109.550640157	38.6131621136	461.988356044	262.517886988
-109.569989417	38.6096032455	464.007215213	259.578189157
-109.579789084	38.596529349	466.013788807	216.85375172
-109.572576098	38.5816194996	467.983314844	154.183545782
-109.575838102	38.5652687186	470.021326891	191.282461932
-109.588325522	38.5507545724	472.010113322	220.707452137
-109.600601288	38.5371187401	473.984655004	221.995375884
-109.619935309	38.5415473056	476.018590292	282.90136161
-109.625496185	38.5574946752	477.988231364	340.776246174
-109.626550241	38.5750835657	480.015309266	356.570515955
-109.639780574	38.5824707176	481.984211651	299.176792095
-109.648731519	38.566913466	484.010654841	209.914192478
-109.637258294	38.5530499881	485.998840707	140.389307074
-109.64470317	38.5373741496	488.003628333	205.404296591
-109.641832174	38.5199866617	489.991105143	170.624005172
-109.644405584	38.5059932351	491.997328725	190.420341127
-109.643971381	38.4897633459	494.014292937	178.467514706
-109.654206021	38.4752042875	495.992172009	215.10622259
-109.663764152	38.4610047803	498.005367082	213.945726315
-109.669330669	38.445249278	499.993864949	199.458631485
-109.688379738	38.4462694282	502.014308833	273.065478853
-109.701182548	38.4554093099	504.008349966	305.522909971
-109.720239181	38.4584233378	505.98520559	278.987545192
-109.737556048	38.4482050392	508.014885321	239.456089122
-109.744269553	38.4623063535	510.005782872	334.541313834
-109.75496417	38.4542543099	512.006299274	233.023682086
-109.741420332	38.4412034879	514.012534556	133.937963456
-109.725193799	38.4295940691	516.000937267	125.582165856
-109.738148244	38.4158637985	517.983304751	223.334664128
-109.736555581	38.3994761394	519.99185976	174.449043488
-109.735325533	38.3830479695	522.01367488	175.718007567
-109.727121211	38.3688284241	523.987529169	150.016129252
-109.742764444	38.3596511183	526.005888402	239.601429127
-109.757473041	38.3691419652	527.997639391	302.832473449
-109.774122593	38.369273336	529.995756135	270.452074398
-109.767306839	38.3546142466	532.000599452	155.063894495
-109.761164683	38.3395938879	534.009892985	157.759264303
-109.761685696	38.3226833641	535.99571285	181.76472391
-109.757512261	38.3082991293	537.995749549	163.820467415
-109.777086732	38.3063864707	539.994078278	264.419236964
-109.792500316	38.296083954	541.98884243	236.241034295
-109.791173705	38.2850932447	543.981854629	173.11752575
-109.789322199	38.2713052423	546.02073466	172.351854181
-109.800076117	38.2598113029	547.988815095	223.094896267
-109.814031952	38.249668882	550.012205442	233.992172591
-109.832716565	38.2489884814	551.992390821	267.914494414
-109.821626551	38.2371003332	553.996768614	136.989338544
-109.80312269	38.2446145033	555.988453916	67.8985877432
-109.797159675	38.2364314258	558.018885245	143.919147147
-109.81712074	38.2327526962	559.998734674	259.557829352
-109.833024915	38.2212447737	561.996423887	234.111301439
-109.847849085	38.2118560706	563.996487801	237.652385195
-109.865715412	38.2029776051	565.99429824	243.575450039
-109.876861232	38.1917157875	567.995671551	224.703399633
-109.895652361	38.1838699006	570.006297165	247.337930371
-109.910081093	38.1705171801	571.997486901	227.21803081
-109.920748682	38.1587330553	574.010659736	222.152995531
-109.924434657	38.1431714949	576.012976429	193.325724531
-109.944459757	38.1380327397	578.011345471	255.607560672
-109.955000285	38.1236875654	580.008271895	216.307651922
-109.971390638	38.1149583661	581.990321933	241.961059495
-109.98809609	38.1079048439	584.008364	247.109130674
-110.005497891	38.1141984267	585.995193419	289.883168759
-110.019119242	38.1006358828	588.009883867	225.123948146
-110.031187798	38.0866780763	590.015680364	220.848188457
-110.037114957	38.0714241149	591.989337362	201.234395506
-110.03994525	38.0553825977	594.011749751	190.006029725
-110.057337389	38.0462381158	596.009015898	242.265392954
-110.065415981	38.0307340484	598.008752727	207.52234143
-110.064732334	38.0136670793	599.986124823	177.706144677
-110.079724531	38.0016510151	602.00138171	231.288248191
-110.097790073	38.0095676935	604.002373507	293.663984924
-110.118601174	38.0125920502	606.004388116	278.268579438
-110.133492769	38.0020089995	608.017234976	234.599629364
-110.149405736	37.9910194111	609.989332755	235.370813918
-110.156686015	37.9753131628	611.993931894	204.869022818
-110.172949452	37.9642787652	613.99794276	235.843938637
-110.190663427	37.955073599	616.008446227	242.541103476
-110.196439675	37.9392527465	617.991397747	200.057312941
-110.191719479	37.9223671893	619.988014531	164.382173324
-110.195948039	37.9061545611	621.980734628	194.618156501
-110.214435481	37.8991405162	623.998316247	249.223500141
-110.235417841	37.9012645667	625.99335411	275.780377406
-110.256204189	37.9042656527	627.995392346	278.215465584
-110.268933946	37.8921990727	629.981097284	226.532008028
-110.271599265	37.8755930137	632.010326147	189.118364062
-110.28640236	37.8818619474	634.018474535	292.952076651
-110.292484574	37.8942983856	635.990164671	333.938408355
-110.312369748	37.8945369554	637.996477458	270.687365717
-110.331340357	37.8957375537	640.001258711	273.621264638
-110.349092259	37.8982223974	642.003998832	277.968272696
-110.371416573	37.8958770357	644.014386636	264.002584818
-110.393684943	37.8932481444	645.993363359	263.26711291
-110.395454035	37.8816025679	647.982663125	188.637822327
-110.406517096	37.87429028	650.013149032	236.536721697
-110.402180696	37.8633664516	651.979959782	158.34855295
-110.414793722	37.8527245032	653.995601748	229.844775973
-110.426880387	37.8412854096	656.009487123	226.57672882
-110.43115483	37.8293415085	657.993160524	199.691101267
-110.449102146	37.8234949944	660.002796942	251.956472697
-110.465283167	37.8161397984	662.006655818	245.555498052
-110.471732195	37.8022192786	663.991315488	204.857107406
-110.467992537	37.7943715035	665.99747034	154.521051037
-110.466605387	37.7816687487	667.987576574	173.76795317
-110.464101201	37.7782492335	669.992035626	143.783863815
-110.442532258	37.7805263311	672.008917007	83.9734376157
-110.425436731	37.7794097387	674.018434641	93.7369593496
-110.43905318	37.7683581414	676.014453781	230.935979694
-110.441778389	37.7560251127	678.015315769	192.460328743
-110.454944601	37.7464541299	680.003788274	233.985277761
-110.466734398	37.7336137158	681.998690824	222.557493259
-110.471105669	37.7222271403	684.013066512	201.001641015
-110.484207401	37.7123735243	685.99562394	233.053723662
-110.501544982	37.705444197	688.005674581	248.214845577
-110.490509291	37.6958941909	689.979811741	130.872078443
-110.487329692	37.6834050698	691.983627897	165.716534649
-110.490734753	37.6689866147	693.988774728	193.287514565
-110.504456385	37.6604852026	695.984905681	238.219186933
-110.521670344	37.6529941086	697.99370671	246.482502691
-110.532634651	37.6416727014	700.0026241	224.081986636
-110.548515131	37.6460623225	702.002300715	285.451658434
-110.559281423	37.6356196331	703.9970287	225.874140265
-110.560440945	37.6228965757	705.987189206	185.207293717
-110.580337159	37.617933667	708.002778384	255.993966672
-110.594479808	37.6116572645	709.986806331	246.068707613
-110.596238047	37.5982889826	711.983801681	187.492716985
-110.596373083	37.5859739711	713.993812082	180.628231879
-110.607755701	37.5731626779	716.020828812	221.62055005
-110.625874693	37.5666882279	718.005133012	250.336693353
-110.635985352	37.5548848522	719.99435323	220.583044299
-110.647824211	37.5425853555	721.982379006	223.906744381
-110.650035558	37.5260134974	723.998330394	187.600642155
-110.656808014	37.5103199929	725.989580965	203.342379304
-110.641905077	37.497819669	728.018564853	129.989338164
-110.658434558	37.4889553828	730.013759856	241.796617972
-110.679993217	37.4852001161	732.011777111	260.118884345
-110.702128251	37.4825150994	733.990715819	263.083716178
-110.719083889	37.472159144	736.020169382	238.58476401
-110.728556886	37.4572751002	737.997231881	212.474843811
-110.714151162	37.4472975059	740.020036942	124.706983946
-110.699005102	37.4354060446	741.99970294	128.136136283
-110.70048854	37.4189195401	743.989148595	185.141566915
-110.717485381	37.4088430076	746.005853206	239.338529455
-110.736806718	37.4104963304	748.013230736	274.890873888
-110.737100746	37.3935809222	749.998987531	180.995829771
-110.722263034	37.3813694106	751.996584133	129.454552198
-110.726512234	37.3659752854	754.002007607	195.430962593
-110.744127177	37.3572482265	755.986878116	243.644575859
-110.75818925	37.3435158558	757.990542244	225.679620162
-110.776151475	37.3347406118	760.007322181	243.962695729
-110.797247966	37.3307287259	761.986131233	259.232720871
-110.817464182	37.3351188404	763.989249667	282.252012943
-110.836004198	37.3457207177	766.009574937	299.762542809
-110.85492691	37.3545564403	768.015871163	295.029631647
-110.862555919	37.3416000276	770.011919254	210.490473825
-110.846394924	37.3301372766	772.019104836	125.34750531
-110.83256465	37.3175284096	774.007685457	132.354991751
-110.838211825	37.3019552433	776.015147553	199.93176609
-110.856322173	37.2940059841	777.993660873	246.301665206
-110.859603707	37.2775772816	779.991249013	191.295825681
-110.8673774	37.2617397588	782.022257201	206.143660913
-110.871066716	37.2455460616	784.001694628	192.834307255
-110.874210564	37.230277735	786.00969037	191.63496237
-110.883957419	37.2170564404	788.003561555	216.397967133
-110.884573067	37.2000959245	790.002612069	182.078860811
-110.898168595	37.1861113846	791.987071493	224.191906915
-110.914842616	37.1766091937	794.002288403	240.322050018
-110.92642755	37.1617240948	796.008788425	217.893290156
-110.938643254	37.1481901219	798.002122883	222.06926967
-110.950798501	37.1343756006	800.008203722	221.344196706
-110.972296774	37.1308476165	801.993362224	260.680516725
-110.990650584	37.1225545836	804.016492961	245.684521339
-111.012199871	37.11929877	805.988894503	261.408343251
-111.034513776	37.1162297271	808.012376827	262.168703413
-111.055067129	37.1116588014	809.984680326	257.461857976
-111.077433517	37.1088610825	811.995406979	262.870139915
-111.098830977	37.1084708288	813.98231662	268.955137142
-111.120314856	37.1049166254	816.01890814	260.606307091
-111.142265119	37.1018723407	818.010457194	262.104010456
-111.163660246	37.1014706645	819.997362676	268.924444449
-111.18397411	37.0957612388	822.020634666	254.301421901
-111.197083238	37.0815084619	823.985837541	222.606594377
-111.210485158	37.0669302232	825.995701283	222.592635845
-111.227390825	37.0570608589	827.999511265	239.724032047
-111.243880356	37.0469549016	829.984148471	238.497070587
-111.266220423	37.0441223576	831.994830959	262.773905995
-111.288558805	37.0412856983	834.005509939	262.762978613
-111.310540963	37.0384900479	835.984269913	262.752137406
-111.327896328	37.0291196745	837.994473534	241.634848427
-111.344193933	37.0181627001	840.017326307	236.086830583
-111.362709066	37.0109295512	841.989370684	248.661328257
-111.38378924	37.0090936704	843.988513294	265.022646228
-111.405214263	37.0089284943	845.988365437	269.558287246
-111.42453888	37.0161904158	847.99368232	290.595519835
-111.444455508	37.0104827201	849.984974094	254.00878706
-111.453256708	36.9950282343	851.992842993	209.661149861
-111.46506117	36.9800455621	854.012463362	218.233665648
-111.473912449	36.9648684417	855.988920846	210.250687314
-111.477398803	36.9483760462	857.999795793	191.936123237
-111.47398529	36.9319129824	860.013604933	168.286063498
-111.491353632	36.9227979049	862.011010514	242.309067212
-111.496005072	36.9084456435	864.005946891	197.95704728
-111.515528092	36.9044915541	865.997148205	258.55049277
-111.516868525	36.8917116754	868.001625843	185.9876441
-111.514364249	36.8831534549	869.999805012	163.689656568
-111.534982301	36.8844976188	871.994528921	273.730036489
-111.553789774	36.8806288854	873.987494163	258.376283742
-111.552178413	36.867657143	875.985824156	172.918942486
-111.538257273	36.8548477834	878.006014592	132.618314969
-111.555178492	36.8489298202	880.014622962	250.723418925
-111.568282754	36.8595511512	881.991150656	309.025628688
-111.58038815	36.8705877574	884.013919953	312.355731754
-111.597259459	36.8609452068	886.00487453	240.250504083
-111.609243624	36.8487835659	888.014419786	224.578873575
-111.618578761	36.8343860647	890.003211796	212.958807145
-111.625852136	36.8188231346	892.008178757	205.049155227
-111.636061912	36.8051689396	893.985223176	216.786903415
-111.639858602	36.7886247593	896.009386236	192.924897045
-111.651710465	36.7741806574	898.003492889	219.370009973
-111.661792712	36.7599660888	899.987369003	215.347685004
-111.679568672	36.7513351751	901.991122825	244.101639846
-111.686938435	36.7363259433	904.007940727	206.15174631
-111.700886595	36.7250392613	905.995376519	231.020635423
-111.703959557	36.7085850314	907.993074314	190.578590015
-111.718369875	36.697807818	910.005586599	233.207857238
-111.73218901	36.6859594313	911.999846642	229.390546871
-111.734078712	36.6690853376	914.020656479	186.389836385
-111.748418556	36.6580254004	916.008576574	232.357961117
-111.753533755	36.6427320361	918.00877628	198.493634872
-111.753185825	36.6272980137	919.998327688	178.708596879
-111.757652091	36.6123760409	922.010210637	196.662862956
-111.767634187	36.5978726616	924.006848394	214.538081812
-111.782483747	36.5858785579	925.984831142	231.071923276
-111.800615885	36.5774615699	928.007683132	245.099142698
-111.811993166	36.5627680109	930.019961206	217.750760739
-111.819200661	36.5471915626	932.006315371	204.830805723
-111.831040619	36.534727339	933.991257936	223.528651489
-111.84088066	36.5196595173	935.99473471	213.146545095
-111.850190072	36.5055209235	937.985941898	213.362495389
-111.833006432	36.4977664353	939.997018456	114.288303249
-111.838386508	36.4821426988	942.002047119	199.001285499
-111.830052782	36.4666186209	944.013061603	151.771947716
-111.837835581	36.453829551	946.000044269	211.322637684
-111.848075679	36.4407129792	947.988945931	217.979132335
-111.863880917	36.4317293092	950.007881836	240.38617477
-111.864037427	36.4153637347	951.98463391	180.547923881
-111.87491133	36.4018721878	954.012776289	218.868083684
-111.855297545	36.4013289466	956.000160424	91.5865103402
-111.841709299	36.3951071245	958.019927682	114.602221708
-111.86055237	36.3885861108	959.985353957	250.910819504
-111.880681255	36.383037367	961.995489007	254.588557547
-111.878553359	36.3678356808	963.999096264	172.031646701
-111.864786567	36.35561873	966.011837067	131.586547326
-111.85324579	36.3419573571	968.000609237	139.80973488
-111.854515826	36.3257297521	970.01243893	184.475070291
-111.849121634	36.3121100342	972.008594124	158.393584315
-111.847002041	36.2969071908	973.985506333	172.062938451
-111.834129266	36.2837092924	975.996781428	135.714489908
-111.822254279	36.2700910584	977.999040176	138.911841996
-111.818153988	36.2540046598	979.982005834	165.70026952
-111.813879743	36.2370810713	982.005803684	165.825716025
-111.804001269	36.2226230408	983.990045133	145.657090926
-111.794068084	36.207885093	986.005710782	146.020542677
-111.802238643	36.1936084502	987.992243344	209.782615903
-111.806377376	36.1772862821	989.998511623	194.228333883
-111.806428778	36.1603604519	992.011541105	180.174000836
-111.808347438	36.1437594456	994.001226842	186.592704899
-111.81551601	36.1281795981	996.00642455	204.708021436
-111.820990549	36.1131113442	997.996712918	199.966897329
-111.834454816	36.1018521255	999.97892922	230.096633991
-111.851533722	36.0941231888	1001.98340105	245.651210586
-111.869953868	36.0893668397	1004.00465676	255.52164841
-111.86888969	36.0774631745	1006.00920501	174.891384683
-111.886250619	36.0694034241	1008.01839966	245.097079934
-111.897185923	36.0547444502	1009.99889909	216.722209053
-111.915596873	36.0517015687	1012.00996062	260.615241279
-111.935467055	36.050467519	1013.99032419	266.446175346
-111.955580487	36.0537870935	1016.01177721	279.371765039
-111.975868189	36.0562194381	1018.00040066	276.83670506
-111.994192808	36.0646508011	1019.99864585	294.707690033
-112.012408514	36.074242097	1021.99854562	297.768594598
-112.026266563	36.0870019311	1024.01889399	312.637399977
-112.045297462	36.0936102818	1025.99804926	289.149211232
-112.063698129	36.1023096826	1028.00932088	295.303678469
-112.083309714	36.1065389716	1030.0059946	282.169613731
-112.101792603	36.1054669571	1032.01328352	266.680542214
-112.12172551	36.1027603435	1034.01210567	262.267317448
-112.139207274	36.1121483021	1036.00896142	298.236437824
-112.158253375	36.1069737306	1037.98768018	254.80039112
-112.178594119	36.1044888557	1039.97989388	263.035118189
-112.199881889	36.1047407716	1042.00520809	270.677996998
-112.217373736	36.1141173098	1044.00208354	298.193619291
-112.226037549	36.1292909554	1045.99538086	330.274597371
-112.238542208	36.1422170194	1048.01715105	315.949344554
-112.255347771	36.1516835011	1049.98709135	299.392323206
-112.275998219	36.1505759724	1051.99280776	266.93004324
-112.294318444	36.1586821177	1053.97816448	293.867940454
-112.300263749	36.1745128086	1056.0019092	339.41604982
-112.304292647	36.1914675259	1058.01232381	346.632895661
-112.315541441	36.2051346917	1060.0144652	320.543828749
-112.324874984	36.2199254741	1062.00327694	327.746524807
-112.331302525	36.2362633705	1063.9964502	338.524678295
-112.345857634	36.2451692075	1066.0123905	301.461220132
-112.365110878	36.2491214503	1068.01222319	281.600340918
-112.385631812	36.2505997623	1070.0196623	274.12042503
-112.403159419	36.2433020855	1071.99763874	247.395435938
-112.415556264	36.2306819358	1073.99030985	224.488584571
-112.417693712	36.2140238452	1075.9931653	187.311834761
-112.434494959	36.2050977775	1078.00157408	242.019447869
-112.44898006	36.2119922101	1079.99248547	295.452914854
-112.448721592	36.2289658752	1081.99200683	0.87240916838
-112.458023032	36.2434674286	1084.00284783	327.323485401
-112.477814806	36.2481890359	1085.99989079	283.417919185
-112.498337663	36.2496480796	1088.00733346	274.066521061
-112.516872105	36.2568352441	1090.00411391	291.194970285
-112.522810244	36.2723753292	1091.99641564	339.08726667
-112.507316439	36.2840022867	1094.01251531	53.1144764091
-112.492868914	36.2954813988	1096.00758127	51.5315128196
-112.485061747	36.3109183485	1098.00764313	26.827797307
-112.46990478	36.3224916562	1099.9918465	52.6359654873
-112.455688252	36.3350805439	1101.98191316	48.4747664905
-112.447808473	36.3502360994	1104.00655519	27.4711287561
-112.451117254	36.3670024323	1105.98519978	348.836315943
-112.466322151	36.3786792711	1107.98374468	307.523025107
-112.484901174	36.3875910731	1109.98979423	295.625641913
-112.503406825	36.3945011549	1112.01047187	290.475826779
-112.521748909	36.4022927992	1113.98297002	293.015592172
-112.541814171	36.4063975901	1116.00443532	281.561590985
-112.563231281	36.4051432949	1117.99687638	266.648295386
-112.584278549	36.4022138519	1119.98856768	262.076249205
-112.604333539	36.3997060119	1122.00051789	262.872265624
-112.625396989	36.3984895569	1124.01253741	266.694729265
-112.640792262	36.3880112516	1126.00172167	235.760078343
-112.643998192	36.371482128	1128.01275754	190.976596535
-112.656479413	36.3576748921	1129.99490245	222.112393412
-112.673572985	36.348388513	1131.99193992	241.486212269
-112.684849584	36.3617412032	1133.99125679	319.818276534
-112.704395129	36.3569885355	1136.00217773	256.333270798
-112.718781754	36.3469261294	1137.99490689	235.029987158
-112.712900313	36.3302331905	1139.99252649	160.591055614
-112.731096688	36.3259515191	1142.01047092	256.758968703
-112.749627567	36.3296619515	1143.98861967	281.322586739
-112.757032599	36.3142573923	1146.0127368	205.673776137
-112.776211178	36.3095422824	1147.99171938	256.187606227
-112.782970726	36.2945132568	1150.01397079	204.216605268
-112.801613424	36.2938903754	1151.99582503	268.086371179
-112.822605742	36.294081107	1153.98936548	270.52056257
-112.837540208	36.2833481271	1156.0108395	234.296262177
-112.857203008	36.2888919591	1158.01505278	285.745543137
-112.872506427	36.2798252043	1159.98577458	239.354702238
-112.883531233	36.2661925073	1162.00831297	218.962579733
-112.902465042	36.2620636923	1164.0071058	257.698333117
-112.919861155	36.2607365566	1165.99457799	265.637400714
-112.931250697	36.2487697677	1168.01530608	223.584234842
-112.951451329	36.2438768934	1170.01269521	256.38438728
-112.970600051	36.2391305668	1171.99161967	256.078864373
-112.990520491	36.2426040698	1173.99437761	279.891150689
-113.011177287	36.2445321543	1176.00208832	275.332480254
-113.028740726	36.2359797048	1177.99267804	244.036410503
-113.041003641	36.2215748817	1180.01892109	220.407956411
-113.058558422	36.213017953	1182.00949703	244.013474883
-113.076172414	36.2047367446	1183.98731774	244.819462989
-113.094608001	36.1969088629	1186.00344081	246.993576648
-113.110183822	36.1860407088	1187.9811329	235.094282516
-113.126104568	36.1751200212	1189.99072296	235.552188098
-113.143187842	36.1804137894	1191.99972654	287.217173244
-113.159355574	36.17376416	1194.00923043	247.643115672
-113.176473212	36.1649619809	1196.00636864	242.787005668
-113.193650442	36.1564355893	1198.00942645	243.601229485
-113.197488392	36.1400667727	1200.0155937	193.195616229
-113.197008531	36.1237489686	1201.99797603	178.315576744
-113.209539376	36.1107173842	1203.99779825	223.877783291
-113.22130442	36.0975075539	1206.00258769	221.689152549
-113.241357099	36.100054165	1207.99817711	277.237594534
-113.260169672	36.0987527272	1210.01159694	266.042631665
-113.279530254	36.104557045	1211.99688963	286.688772258
-113.300220723	36.1067137691	1214.01752928	275.950881576
-113.315946224	36.099815451	1215.98917323	246.31434169
-113.319342268	36.0832149426	1218.01356427	191.561739049
-113.331781532	36.0698920264	1220.00744003	223.035503992
-113.343739728	36.0560623547	1222.01359266	220.84921064
-113.344274913	36.0395910588	1223.99033338	181.860998544
-113.341765674	36.0224153256	1225.98698113	171.688337856
-113.332259595	36.0077026822	1228.01291025	147.132837926
-113.332320686	35.9907255053	1230.01260696	180.206173346
-113.314500598	35.9821191412	1232.01560903	115.778617533
-113.312162256	35.9672191173	1233.9825882	171.081007277
-113.320654629	35.9524584334	1235.98952944	209.913426478
-113.320782087	35.9357588924	1238.01125205	180.437297268
-113.327273538	35.9201394821	1239.98441998	202.56784581
-113.316454719	35.9059069709	1241.99603737	142.75978089
-113.302194726	35.8939035876	1244.00418675	130.089076334
-113.305300438	35.8776304687	1245.9840661	190.804921014
-113.308404828	35.8613570871	1247.99065923	190.800259666
-113.319795618	35.8467440532	1250.00324542	217.936244592
-113.324732638	35.8322137081	1251.98055417	198.766377715
-113.323184746	35.8160462027	1254.01161948	174.531117995
-113.330771879	35.8005504994	1255.99310281	206.08767244
-113.345028057	35.7875249592	1258.00897385	227.582776698
-113.361974015	35.7784157908	1259.99295878	241.740092256
-113.373945081	35.7648586351	1261.98642721	221.444735471
-113.393102975	35.7591574893	1264.00943013	253.42766366
-113.413629538	35.7578537102	1265.98903136	266.365644597
-113.433572762	35.7618111653	1268.01020806	281.223746731
-113.452423292	35.7688044161	1270.02042573	290.354063416
-113.472088313	35.7730850122	1272.00430653	282.280329068
-113.492874539	35.7728804025	1273.98442154	269.436025874
-113.512041454	35.7780920034	1276.00615621	285.211316563
-113.525746964	35.7907308453	1278.01342173	312.681392361
-113.538350291	35.8032448069	1279.98567099	314.79614684
-113.556283007	35.812375134	1281.99625542	296.982627022
-113.561961072	35.829083301	1284.00759826	341.230302846
-113.576944799	35.8409526372	1286.00592429	308.38445064
-113.592216019	35.8524900658	1287.98630322	307.071099212
-113.608528555	35.8514963373	1290.00560667	266.513958664
-113.618275961	35.8362278693	1292.00349357	212.554203616
-113.632008212	35.8272695011	1293.99843442	236.881187273
-113.645742361	35.8398941069	1296.00572572	312.58961927
-113.649226704	35.8563533822	1298.00683169	348.047249193
-113.659122561	35.8709902461	1300.00952691	325.937714626
-113.674477262	35.8827949854	1302.02136057	307.55318867
-113.694205934	35.8855962177	1303.99060701	278.081287399
-113.705613734	35.897413806	1306.00034769	316.010820737
-113.709026725	35.9150350012	1308.00684172	349.038299422
-113.707179642	35.9317177266	1310.00985936	6.31795885295
-113.715639379	35.9462796677	1312.00729397	329.845620802
-113.732973376	35.9526022021	1313.9983746	290.03932152
-113.734893489	35.9684324962	1315.98471304	353.084173417
-113.753061061	35.975203619	1318.01037469	290.440614821
-113.764536243	35.9887351775	1319.98616741	319.701019994
-113.772230935	36.0045614623	1321.98873459	334.071118716
-113.776426148	36.0223528074	1324.00011841	346.731976602
-113.785040386	36.037464935	1326.00697156	330.315929032
-113.79883773	36.0500701355	1328.01429068	312.41470263
-113.818377768	36.0549011402	1329.99251779	283.887107572
-113.838938016	36.0564089353	1331.98712978	274.194303584
-113.858548118	36.061511309	1333.97837748	284.584470794
-113.875930517	36.0724173014	1336.00833737	302.104811121
-113.884287703	36.0878523429	1338.00641729	331.567006734
-113.898543292	36.0992286852	1340.0071006	308.590805825
-113.91300156	36.1114369385	1342.00998857	310.177034415
-113.918497701	36.1284553532	1344.01238551	342.102003518
-113.935241507	36.1365733911	1345.98592506	295.865882826
-113.954147238	36.1446498225	1347.97974284	293.131925188
-113.971844626	36.1552106058	1349.99181352	300.826322637
-113.976725948	36.1726095478	1351.99863642	344.328386978
-113.986725873	36.1872161913	1354.00127348	325.603879246
-113.996596588	36.2012662035	1355.97788266	324.910371259
-114.018360785	36.198535514	1358.00026052	262.848637107
-114.03738379	36.1979456138	1360.00628744	268.22383665
-114.055642077	36.1971811878	1362.00569209	267.602577974
-114.065544226	36.182713204	1363.99179193	214.388442058
-114.073899458	36.1693436774	1366.01775232	212.00315775
-114.088617156	36.1598974303	1367.99323894	237.306470877
-114.099133701	36.1525308848	1370.00230512	234.989833056
-114.105522207	36.1400341151	1371.99292185	207.076690047
-114.110204837	36.1309656884	1374.00950392	207.310306268
-114.123316069	36.1208948216	1375.97836159	232.471777728
-114.121392198	36.1039079785	1377.999354	173.538412324
-114.117111965	36.086129768	1380.01070684	166.463249754
-114.116301841	36.0692602725	1381.98391454	177.25059631
-114.128960965	36.0543592651	1383.99305332	220.349504897
-114.14161514	36.0394567779	1386.00219333	220.335643385
-114.161399933	36.0346911864	1388.00614825	256.457065774
-114.18304358	36.0316525586	1389.9969381	262.008277162
-114.202970344	36.0259932663	1391.99373854	254.145210581
-114.224890589	36.0226157226	1394.00340028	261.240564864
-114.244438827	36.0288195485	1396.01484727	287.607348403
-114.256705129	36.0421958357	1398.01770771	317.47860267
-114.264787993	36.0576582338	1400.0023874	332.401985847
-114.283136864	36.0677883478	1402.01007174	298.902376506
-114.290598989	36.0836340664	1403.99919414	334.783140771
-114.297154606	36.1001960869	1406.01070209	338.405236224
-114.315450421	36.1100432961	1407.98698389	298.290112749
-114.334166943	36.1201113524	1410.00819069	298.276850431
-114.352472328	36.1299527859	1411.98449107	298.263588112
-114.371062966	36.1394596631	1413.97968582	297.084286114
-114.392931711	36.1372161959	1416.00959087	264.142640814
-114.414527204	36.1338582896	1417.98742837	261.161792969
-114.436469059	36.1304422305	1419.9971608	261.150838627
-114.458408944	36.1270221471	1422.0068875	261.139796247
-114.479356213	36.1269232826	1424.00028908	269.729584008
-114.49809853	36.1369656128	1426.0215536	298.182873221
-114.516429132	36.1467818854	1427.99791039	298.169620822
-114.535330258	36.1544888973	1429.97885992	292.183380803
-114.555291567	36.1591446306	1431.98915014	283.128835256
-114.576395315	36.1566993877	1433.9937574	263.390741379
-114.59459403	36.148364184	1436.02230383	245.391719996
-114.609851894	36.14423604	1438.00538968	254.860606441
-114.629888124	36.1477146305	1440.01392372	279.849231998
-114.648840081	36.1409812534	1441.99789756	250.440553889
-114.670287419	36.1370223246	1444.00119244	259.541588658
-114.682849187	36.1220636308	1446.01013298	220.022320265
-114.69540602	36.1071034823	1448.01907474	220.008489701
-114.707679044	36.0924743747	1449.9833746	219.994817347
-114.71681954	36.0768972456	1451.99910455	210.403963781
-114.715807763	36.0597545886	1454.00377194	176.622263447
-114.712224776	36.0424422644	1455.97881106	168.307054698
-114.725179348	36.0277006422	1458.0069254	221.308204124
-114.735208404	36.0142860052	1460.01575124	216.782538902
-114.733567462	35.9975305153	1461.98931294	174.406598378
-114.7313015	35.9811625122	1463.98513351	172.118155167
-114.721464699	35.9662839517	1466.00594167	146.529742586
-114.721701881	35.9498072455	1468.00944781	180.824715139
-114.704643303	35.9392460389	1469.9947093	121.762234833
-114.700440162	35.9237620192	1472.00862313	164.813005947
-114.692699212	35.908550324	1474.00193562	153.029299575
-114.676904537	35.8972098359	1475.99609916	125.678135081
-114.662643496	35.8847600328	1478.01712842	131.120764009
-114.663641114	35.8742202443	1480.01490892	185.407083258
-114.683075335	35.8682578766	1481.99237645	252.944124779
-114.697109255	35.8565151893	1484.00562661	230.079560925
-114.689375778	35.841302577	1485.99897461	153.053057156
-114.69447013	35.8254969646	1487.99048387	197.864798185
-114.702126186	35.80986073	1489.98493237	206.088012096
-114.692317092	35.7949780272	1492.00581374	146.611379384
-114.692491338	35.7782219175	1493.9874918	180.595794652
-114.688511752	35.760683069	1496.00770761	167.215976266
-114.691585406	35.7483694661	1498.01915675	194.015454066
-114.694523798	35.7340579739	1500.00604868	191.602552919
-114.699601149	35.7225789237	1501.99626218	203.860504135
-114.695891335	35.7090350851	1504.01446832	164.681743111
-114.680137334	35.6976934198	1506.00859942	125.750975949
-114.674708626	35.6815381527	1507.99724532	161.425936201
-114.679726845	35.665453795	1509.99360477	197.327595201
-114.674369008	35.6495756767	1512.00421976	161.353791255
-114.664931667	35.6346340126	1514.01169758	147.722983696
-114.650443999	35.6225128991	1516.01477043	129.917551875
-114.648415864	35.6055289297	1518.00689354	173.190290072
-114.660894842	35.5905670402	1520.0160537	219.829827608
-114.659970361	35.5736956412	1521.98972029	176.863571271
-114.65559496	35.555930361	1524.00168591	166.164023876
-114.653912874	35.5388906995	1525.9804005	174.36225955
-114.666379948	35.5239274616	1527.98958983	219.800393692
-114.6687676	35.5073934545	1529.98790775	188.217194701
-114.665152664	35.4897952833	1531.99493618	168.392032912
-114.660780843	35.472029022	1534.00700188	166.175644297
-114.656479306	35.4545399548	1535.98764953	166.18205005
-114.652111495	35.4367728716	1537.999757	166.188453207
-114.647745702	35.4190053721	1540.01188578	166.194901278
-114.640619339	35.4031195214	1541.98807287	155.839084669
-114.626455799	35.3906607617	1544.00910181	131.33602152
-114.614229175	35.3773160931	1546.01219137	137.503528649
-114.60393888	35.3630860839	1547.99734476	144.127787077
-114.598345903	35.3460901019	1550.0005543	161.784843372
-114.592478786	35.3294260285	1551.98580854	160.603761365
-114.588132842	35.311654761	1553.99806543	166.258084171
-114.585646525	35.2941648413	1556.01350996	171.90920644
-114.58137198	35.2766704842	1557.99436945	166.269459658
-114.577031573	35.2588980133	1560.00669377	166.275823889
-114.573105092	35.2413481293	1562.00080751	167.388753383
-114.571380355	35.2240251855	1564.01131278	174.314156541
-114.563594268	35.2096847169	1566.00420555	151.500469531
-114.563513462	35.1946966764	1568.00703508	179.691100521
-114.561104171	35.1774822024	1569.99117845	172.032790105
-114.563847464	35.1608908672	1572.00304296	189.388622746
-114.566589578	35.1442992246	1574.01492459	189.384488763
-114.580650109	35.1316756198	1576.00504452	228.082369484
-114.600925094	35.1284456713	1577.98927718	260.948438097
-114.621673306	35.1271561713	1579.9872916	266.443645338
-114.636133138	35.1147486463	1581.99651281	229.368149061
-114.629028785	35.1017447336	1583.98896349	151.351149555
-114.610791869	35.092825896	1586.0129275	116.061132301
-114.597720296	35.0801959411	1587.9935793	134.015608578
-114.603537621	35.0645527233	1590.00998675	200.398920312
-114.619081843	35.0537034072	1592.00633719	235.086324472
-114.629282529	35.038511395	1593.99944192	213.879410513
-114.630909064	35.0218032811	1596.00327593	185.560223899
-114.625059536	35.0051360553	1597.98889991	160.660971961
-114.62298544	34.9878650403	1600.01316316	173.152078443
-114.62838006	34.9719963686	1601.99187371	198.775675805
-114.624524198	34.9547214021	1604.00825988	167.417534488
-114.625054005	34.9378988643	1606.00402004	181.803870209
-114.624487827	34.9209628656	1607.99163446	178.085289581
-114.628303971	34.9044793205	1610.01193566	193.035034134
-114.62924282	34.8878788555	1611.98951287	183.236948072
-114.622786445	34.8715969133	1613.99741152	158.369895419
-114.605911299	34.8607344976	1616.01370999	122.769105854
-114.589108373	34.8501473452	1617.99854949	122.214122963
-114.577248384	34.8364598212	1620.01978191	139.091669536
-114.573000976	34.818957839	1622.00128282	166.359082168
-114.566494784	34.8023939055	1624.01405141	158.555462865
-114.559716558	34.7861618447	1626.00883385	157.335434123
-114.548897806	34.7723065816	1627.98973929	142.015836645
-114.531437706	34.7618195623	1630.00141912	120.990192763
-114.517750803	34.7492859606	1632.00899446	132.481485059
-114.499750286	34.7394588329	1633.98463946	118.631709131
-114.484496789	34.7277493347	1635.99653155	127.512004229
-114.467390103	34.718641796	1637.99831304	118.030678195
-114.460914849	34.7020703808	1640.01118879	158.657006608
-114.453825675	34.6858849902	1642.01951703	156.346661683
-114.447073575	34.6710885364	1644.00382567	155.471253594
-114.444208172	34.6576936226	1645.99062477	167.925429558
-114.436784934	34.6415608158	1648.01244646	155.291277063
-114.431205858	34.6257116465	1650.00276387	160.607389808
-114.418858327	34.6126696154	1651.98801975	136.566864541
-114.427666702	34.5991496863	1654.00083503	213.084663548
-114.417172215	34.5849474252	1655.99982779	143.538166429
-114.401961454	34.5732253663	1658.01167114	127.619374397
-114.393664356	34.5578070651	1660.01098186	151.713835245
-114.384138754	34.5431606307	1662.00114057	146.961230757
-114.379268544	34.5257548238	1664.0099624	164.368181036
-114.375082611	34.5082401951	1665.99193735	166.558650042
-114.367138746	34.4927648076	1667.97786758	152.827548937
-114.34880928	34.4826880659	1669.99819352	118.800077999
-114.34039026	34.4681527166	1671.9965529	149.920147331
-114.332391144	34.45239626	1674.01398126	153.084358448
-114.314482625	34.4425377369	1675.98937347	118.83249733
-114.296512553	34.4323982891	1677.99621601	119.433464437
-114.285382986	34.4182895844	1680.02215431	141.73206942
-114.266927888	34.4105317652	1682.00189725	112.800027283
-114.252455071	34.398680458	1683.9868108	129.312902974
-114.23696481	34.3869884788	1686.01201197	127.045340649
-114.22269823	34.3759675806	1688.00289327	127.685998572
-114.203488436	34.3709175287	1689.99277604	104.729176519
-114.184999478	34.3614238015	1692.01877416	117.17963337
-114.176833381	34.3462648511	1693.98680087	151.688740111
-114.164507095	34.3329140144	1696.0035459	137.284964237
-114.148768139	34.3215412496	1698.01067305	125.851385746
-114.134604712	34.3093425039	1700.01358864	130.737823616
-114.131296571	34.2922645946	1701.98601534	169.037079536
-114.128604928	34.27480115	1703.98971278	171.237943937
-114.141127255	34.265043631	1706.00953012	232.073931695
-114.159298268	34.2613194317	1708.00097904	258.41747119
-114.172519984	34.2485621051	1710.02227577	226.024083898
-114.187150522	34.2373114643	1711.98048659	232.440313532
-114.201920069	34.22517059	1714.00898087	230.579085358
-114.215939674	34.2128568974	1715.9865636	228.706531417
-114.222722613	34.1967793176	1718.01893852	202.874300561
-114.239286226	34.1878103462	1719.98927572	241.565056915
-114.257128041	34.1797901843	1722.00393396	245.79537197
-114.277245924	34.1754461084	1723.99250374	257.815140479
-114.294335936	34.1672497372	1726.00793315	244.37761986
-114.307322061	34.1536412784	1727.98585053	223.659479162
-114.322123089	34.1417622009	1730.00151084	231.250007916
-114.342548108	34.1402422676	1731.98510872	265.744163294
-114.353268345	34.1290079246	1733.97820889	223.658561369
-114.370208088	34.1202437033	1736.00483886	242.644026502
-114.391379956	34.1174401443	1738.00598323	262.456831407
-114.410448226	34.1146802971	1739.98388658	261.764480695
-114.421650979	34.0996066605	1741.98589365	216.619795802
-114.430268622	34.0855226327	1743.98730347	211.461357869
-114.433340489	34.0688613154	1746.01371139	190.44637867
-114.431126947	34.0521804589	1747.98982978	172.44103892
-114.430609114	34.0352275381	1749.97873432	178.250424015
-114.442871924	34.0217105692	1752.00491365	222.214816962
-114.461111999	34.017049591	1754.00750977	255.665668259
-114.454276185	34.0031314049	1755.99120829	153.842379157
-114.471516182	33.9942967439	1758.01227945	242.867064696
-114.484781581	33.9806113034	1760.02209242	224.107090642
-114.49918444	33.9687618358	1762.00586992	230.555310098
-114.517959289	33.9619812077	1764.01990096	250.142567823
-114.527360569	33.9468895598	1765.98751177	211.920672646
-114.52667759	33.932269072	1768.01159774	177.325438953
-114.510761014	33.9215507069	1769.98757467	123.956678358
-114.507374585	33.9073662866	1771.9947504	166.572392304
-114.51930143	33.9013980706	1774.0048017	243.416529658
-114.507053183	33.8883546583	1775.99028763	136.800776008
-114.505897152	33.874676574	1778.00606239	175.169012098
-114.522227616	33.865107725	1780.00181187	239.631794295
-114.522433914	33.8483202816	1781.9859456	180.704062524
-114.51601878	33.8317356885	1784.00006242	158.852888413
-114.521084048	33.8161846865	1786.01519643	198.041451037
-114.513790823	33.8003194816	1788.00661405	155.311787091
-114.507109894	33.7840661729	1790.00272623	157.654867424
-114.500769477	33.7677575857	1791.98546207	158.755022422
-114.502059371	33.7510826299	1793.97785319	184.423315881
-114.502461868	33.7365729342	1795.9896427	181.588969702
-114.491459977	33.722750515	1797.98455002	141.482125461
-114.491672463	33.7059601328	1799.9955142	180.725052056
-114.509981619	33.698954908	1801.99021302	249.062762484
-114.524395433	33.6873763787	1803.99847708	231.225298273
-114.521287708	33.6728553723	1806.00484762	167.920028992
-114.517349355	33.6636694981	1807.9905376	156.793243449
-114.525221683	33.6511258195	1810.00557596	212.112104321
-114.52326528	33.6355509682	1811.98938406	172.840407179
-114.517872404	33.6202438304	1814.0057167	160.592068583
-114.530260294	33.6060995924	1815.99635047	221.212715292
-114.536993095	33.5902701117	1817.99793678	203.041652063
-114.530054463	33.5743466712	1820.00286358	156.454857139
-114.521091461	33.5601961798	1821.9972735	147.649597041
-114.537288794	33.5503431326	1824.00569632	238.687309727
-114.552609878	33.539762454	1825.98896382	235.371198605
-114.557853378	33.5235928216	1828.00085615	197.96687903
-114.574574108	33.5145140462	1830.00256029	241.499577245
-114.588944773	33.5029247061	1832.01081129	231.11527616
-114.598277818	33.4878185316	1833.97887308	211.709008682
-114.610431375	33.472828556	1835.9894684	219.034412217
-114.616734015	33.4567683303	1838.00952137	201.426920283
-114.622697825	33.4407623577	1840.01640869	200.435345222
-114.634632145	33.4278264198	1842.00396247	222.693731958
-114.651925897	33.419793236	1843.98602996	245.084488495
-114.671405542	33.423830598	1845.99929748	281.709367374
-114.691374605	33.419689155	1847.99959253	258.283359165
-114.703094534	33.4059111658	1850.0070472	220.385384624
-114.704671838	33.3891709275	1852.01324158	185.382649724
-114.697986415	33.3729199305	1854.01003141	157.63844917
-114.693990635	33.3562269746	1856.00606875	166.538443751
-114.69818571	33.3402124734	1857.97865911	194.679074506
-114.709826073	33.3261540819	1859.99901168	219.624792486
-114.724076072	33.3142667688	1861.98280181	230.165221521
-114.721351045	33.2985205717	1863.99875651	170.181675654
-114.704456785	33.2906002124	1865.99772764	115.118101663
-114.685144318	33.2856778075	1868.0181065	104.299216606
-114.671754781	33.2734183625	1869.99434559	132.4771844
-114.676345321	33.2605189021	1871.98253514	199.589154172
-114.682478506	33.2467868494	1873.99061212	204.067105096
-114.671177873	33.2330276416	1875.99923802	140.603251761
-114.671082061	33.2165593694	1877.9929363	179.666658334
-114.67339916	33.199983283	1879.99433674	187.957564736
-114.672835057	33.1830127596	1881.98480754	178.096179804
-114.674749385	33.1662126661	1884.00458621	186.50067041
-114.682487365	33.1504782316	1886.01478904	206.18732933
-114.693167238	33.1354148284	1888.00445199	215.336438627
-114.699157884	33.1196761156	1889.98028889	200.83838892
-114.702871828	33.1031547123	1892.00308089	192.669253333
-114.690981988	33.0912301732	1894.00013586	135.08348362
-114.682448986	33.0758591747	1896.01460994	150.963747397
-114.670904294	33.0624300957	1898.00520003	139.315055924
-114.657885573	33.0515569347	1899.9900168	129.868438589
-114.63970007	33.0481852596	1901.97883055	100.503628783
-114.621669516	33.0381329894	1903.99796132	119.140239653
-114.602150362	33.0349751721	1906.00328222	99.1897145205
-114.581477287	33.0372093901	1907.99641805	83.8317672913
-114.562794746	33.0434517837	1910.00940479	71.5239904768
-114.543067894	33.0423424718	1911.98701757	93.2185581956
-114.523078715	33.0401160016	1914.01682774	96.3556232098
-114.506941113	33.0291605971	1916.01877863	124.171577938
-114.497577941	33.0144953472	1918.0103753	147.443406408
-114.486866825	33.0029412897	1919.98854729	137.168136492
-114.47777938	32.9879408017	1921.99832235	148.792101582
-114.464740921	32.9753190681	1923.99269944	134.069589685
-114.463823147	32.9581180992	1926.00195748	176.945825444
-114.472316579	32.942562612	1928.00731884	208.634926124
-114.468723969	32.9257971686	1930.01734618	167.905193958
-114.461254057	32.9102424695	1931.99195665	154.348048757
-114.461405367	32.8931548265	1934.00938098	180.507337251
-114.46555744	32.8768597293	1936.0142468	194.295063329
-114.462506354	32.8594263054	1938.00767636	170.072999311
-114.473588023	32.844601003	1939.97935616	216.777508018
-114.485666924	32.8296105353	1941.99058501	218.860898752
-114.504567281	32.8244929039	1944.00358991	254.849364343
-114.517030356	32.8111699563	1945.99342621	223.090096236
-114.528428796	32.7962835912	1947.99695764	217.441159884
-114.52789841	32.7793023907	1949.98827149	178.211021465
-114.523235547	32.7624201717	1951.99062169	164.559866032
-114.527034783	32.7461743584	1953.98253205	193.162603572
-114.540481903	32.7326831206	1956.01193528	224.906164975
-114.559224616	32.7269985889	1957.99866312	253.127822169
-114.578601088	32.72988662	1959.9903764	278.477432247
-114.597842839	32.733661856	1961.98945827	281.100443116
-114.617691535	32.735597807	1964.00563191	275.570747661
-114.637006338	32.7381973868	1965.98430835	277.665377065
-114.656655693	32.7407385975	1967.99479743	277.369042893
-114.675973006	32.7433315731	1969.99942822	277.645152191
-114.69394963	32.7504846707	1971.98824036	291.698156635
-114.706160362	32.7420944292	1973.99133392	235.506253466
-114.715448324	32.7272408639	1975.98463482	212.017818566
-114.726663107	32.7132235547	1978.01089485	218.662140148
-114.736605719	32.7011522724	1979.99773974	219.47686037
-114.747149069	32.6857953967	1982.01941077	214.471766074
-114.757820831	32.6709941069	1983.97805336	215.791685318
-114.773276791	32.6603154764	1985.99284715	235.359134723
-114.788794943	32.6499130298	1987.99474168	236.164449946
-114.804242686	32.639229861	1990.00952452	235.333495902
-114.819752713	32.6288228681	1992.01140694	236.138987895
-114.835723576	32.6218104691	1994.00108796	246.294946027
-114.848099653	32.6098952455	1996.00250522	226.086882415
-114.854352945	32.5940804728	1997.99230429	201.574252352
-114.857677919	32.5775968017	2000.00285944	191.40428493
-114.853622056	32.5606115265	2002.00551421	166.569999113
-114.854087686	32.5437371776	2004.00534176	181.580615987
-114.86113211	32.528365948	2006.00365831	204.621337943
-114.874686826	32.5200104429	2008.00798114	238.349161301
-114.878469721	32.5040254281	2010.02178489	193.314248621
-114.894675386	32.4952210865	2011.99660174	241.485302256
-114.912672058	32.4881400243	2014.01561012	248.522094228
-114.925349304	32.4776061967	2015.98298944	230.275995414
-114.930515883	32.4631213854	2018.01192889	199.630779839
-114.932492233	32.4468558074	2019.99654626	186.92776756
-114.943694864	32.4316413147	2022.01330369	216.364704386
-114.949185218	32.4156503595	2024.00858137	198.949458689
-114.94644485	32.3984401191	2025.98481652	170.952805089
-114.957306471	32.3832790779	2027.98846171	215.618438751
-114.959871802	32.3666204574	2030.00462102	188.754448584
-114.963232349	32.3504062495	2031.98407444	191.709304016
-114.977204629	32.3381917642	2033.98084506	228.840236003
-114.990507536	32.3246390455	2036.01040235	224.467048601
-115.007201872	32.3194925074	2038.01903372	252.86649033
-115.024428978	32.3165711626	2040.0207512	260.375434602
-115.043391597	32.3194383795	2041.99838374	278.598199285
-115.063539142	32.3186232862	2043.99149847	267.683293315
-115.084147538	32.3168565884	2046.00899177	265.100179318
-115.104558096	32.3156994145	2048.0208205	266.755097051
-115.123916945	32.3173266703	2049.99129655	274.804842849
-115.143535302	32.3171671837	2052.01739189	269.534226654
-115.161683107	32.3137769715	2054.0051383	259.418477617
-115.17698965	32.3128989863	2055.98517021	266.717104289
-115.196410592	32.3133437637	2057.98712736	271.311955611
-115.210231524	32.3063373267	2060.00315039	243.117549306
-115.223178653	32.297159109	2062.00344211	234.667178322
-115.228948606	32.283991616	2063.98849697	203.6628778
-115.245733244	32.2750206491	2066.00803126	241.876617004
-115.26311564	32.2671035341	2068.00767686	245.512281192
-115.269598781	32.2526492166	2070.0177807	204.157487096
-115.256104061	32.2425011399	2071.99275524	126.943294039
-115.258272217	32.2258889358	2073.99603502	187.43597525
-115.253946756	32.2080733421	2076.01474516	166.353174168
-115.248834023	32.1912628292	2077.97879712	163.083436803
-115.24783904	32.1772237105	2080.01004212	175.946101317
-115.243585999	32.1596846858	2081.99734346	166.369437744
-115.239334812	32.1421449896	2083.98469331	166.375660278
-115.236076496	32.1244341057	2086.01157884	169.575714229
-115.236135982	32.1090522299	2087.99250562	180.221577641
-115.226086712	32.0945394856	2090.01187505	145.299547901
-115.207494466	32.0901959092	2091.99085934	103.149761363
-115.187723822	32.0880820556	2094.01876841	96.1028116293
-115.169067965	32.0834536541	2095.99233043	103.933402016
-115.148263293	32.0870205808	2097.99435431	80.2713205402
-115.127782155	32.0890780912	2099.99817718	84.2633814179
-115.106974205	32.0926374005	2102.0002197	80.2932012672
-115.086164418	32.096192866	2104.00227367	80.3043245204
-115.06613579	32.095841781	2106.01533899	91.0042439654
-115.048662516	32.0860639779	2107.98862742	119.230774536
-115.030732978	32.0772315131	2109.98625148	116.225819924
-115.013076691	32.0709595027	2111.99041537	109.55647117
-114.994824164	32.0621773236	2114.0197909	115.694471751
-114.988328154	32.0493658516	2116.00883303	153.11287951
-114.98413835	32.0318133946	2117.99647686	166.574614922
-114.979883908	32.0139816333	2120.0157215	166.580793578
-114.97569778	31.9964278091	2122.0034657	166.586975035
-114.971513473	31.9788733048	2123.99125992	166.593099768
-114.967264614	31.96103946	2126.01065777	166.599276805
-114.963083976	31.9434835809	2127.99855323	166.605442872
-114.958905157	31.925927018	2129.98649914	166.611563656
-114.954661868	31.9080910777	2132.00605158	166.61772771
